## Kalman Filter Parameters:
Integral_observer_first_order:
  calibration_duration: 5 #sec
  #limits
  external_forces_limit :  [ 5.000000 ,5.000000 ,3.0000000]      #m/s^2

  #model from system identification (2nd order attitude model)
  drag_coefficients: [0.00000, 0.00000, 0.000000]
  roll_tau: 0.635581
  roll_gain: 1.275039
  pitch_tau: 0.630045
  pitch_gain: 1.241289
  yaw_tau: 5.0
  yaw_gain: 1.0

  state_observer_gains: [1.000000, 1.000000, 1.000000] # per second
  disturbance_observer_gains: [1.00000, 1.00000, 1.000000] # per second