## Kalman Filter Parameters:
Integral_observer_first_order:
  calibration_duration: 5 #sec
    
  #limits
  omega_limit :  [ 3.000000 ,3.000000 ,2.000000]
  external_forces_limit :  [ 5.000000 ,5.000000 ,3.0000000]      #m/s^2
  external_moments_limit :  [ 20.000000 ,20.000000 ,20.000000]  #rad/s^2

  roll_tau: 0.210754
  roll_gain: 1.205038
  pitch_tau: 0.215116
  pitch_gain: 1.108670
  yaw_tau: 5.00
  #linear_drag_coefficients: [0.010000, 0.010000, 0.000000]
  yaw_gain: 1.000000

  drag_coefficients: [0.010000, 0.010000, 0.000000]
  #drag_coefficients: [0.00000, 0.00000, 0.000000]
  #state_observer_gains: [0.010000, 0.010000, 0.010000] # per second
  state_observer_gains: [10.000000, 10.000000, 10.000000] # per second
  #disturbance_observer_gains: [0.00000, 0.00000, 0.00000] # per second
  #disturbance_observer_gains: [0.010000, 0.010000, 0.010000] # per second
  disturbance_observer_gains: [1.00000, 1.00000, 1.000000] # per second  