## Kalman Filter Parameters:
Integral_observer_first_order:
  calibration_duration: 5 #sec
  #limits
  external_forces_limit:  [ 5.000000, 5.000000, 50.0000000 ]      #m/s^2

  roll_tau: 0.624196
  roll_gain: 1.173807
  pitch_tau: 0.549053
  pitch_gain: 1.136624
  yaw_tau: 5.0
  yaw_gain: 1.0
  
  drag_coefficients: [0.010000, 0.010000, 0.000000]
  #drag_coefficients: [0.00000, 0.00000, 0.000000]
  state_observer_gains: [1.000000, 1.000000, 1.000000] # per second
  disturbance_observer_gains: [1.00000, 1.00000, 1.000000] # per second