#Firefly parameters
inertia: [ 0.034756 , 0.000000 , 0.000000 , 0.000000 , 0.045893 , 0.000000 , 0.000000 , 0.000000 , 0.097700]
allocation_matrix: [ 0.500000 , -0.866025 , -1.000000 , 1.000000 , 1.000000 , 0.000000 , 1.000000 , 1.000000 , 0.500000 , 0.866025 , -1.000000 , 1.000000 , -0.500000 , 0.866025 , 1.000000 , 1.000000 , -1.000000 , 0.000000 , -1.000000 , 1.000000 , -0.500000 , -0.866025 , 1.000000 , 1.000000]
n_rotors: 6

rotor_force_constant: 1
rotor_moment_constant: 1
arm_length: 1

# Error proportional terms
roll_gain: 80
pitch_gain: 80

# Error integrator gains
roll_int_gain: 0
pitch_int_gain: 0

# Angular velocity derivative gains
p_gain: 0
q_gain: 0
r_gain: 0

# Saturation on the integrator
max_integrator_error: 0.6
