#vrep quad parameters
inertia: [ 0.034756 , 0.000000 , 0.000000 , 0.000000 , 0.045893 , 0.000000 , 0.000000 , 0.000000 , 0.097700]
allocation_matrix: [0.707107, -0.707107, -1.0000, 1.0000, 0.707107, 0.707107, 1.0000, 1.0000, -0.707107, 0.707107, -1.0000, 1.0000, -0.707107, -0.707107, 1.0000, 1.0000]
n_rotors: 4

rotor_force_constant: 8.54858e-6
rotor_moment_constant: 0.016000
arm_length: 0.2156

roll_gain: 60
pitch_gain: 60
roll_int_gain: 2.0
pitch_int_gain: 2.0
p_gain: 25.0
q_gain: 22
r_gain: 1.0

max_integrator_error: 0.6
